1,1,1,2,1,1,1,'2019-01-03',10000
1,1,1,2,1,1,2,'2019-02-05',10000
1,1,1,2,1,1,3,'2019-03-01',10000
1,1,1,2,1,1,4,'2019-04-30',10000
1,1,1,2,1,1,5,'2019-05-20',10000
1,1,1,2,1,1,6,'2019-06-17',10000
1,1,1,2,1,1,7,'2019-07-29',10000
1,1,1,2,1,1,8,'2019-08-25',10000
1,1,1,2,1,1,9,'2019-09-11',10000
1,1,1,2,1,1,10,'2019-10-09',10000
1,1,1,2,1,1,11,'2019-11-05',10000
1,1,1,2,1,1,12,'2019-12-05',10000
1,1,1,2,1,1,13,'2019-10-17',10000
1,1,1,2,1,1,14,'2019-10-16',10000
1,1,1,2,1,1,15,'2019-11-19',10000
1,1,1,2,1,1,16,'2019-09-22',10000
1,1,1,2,1,1,17,'2019-10-20',10000
1,1,1,2,1,1,18,'2019-05-21',10000