1,1,1,7,2,2,1,'2019-01-01',100
1,1,1,7,2,2,2,'2019-01-01',100
1,1,1,7,2,2,3,'2019-01-01',100
1,1,1,7,2,2,4,'2019-01-01',100
1,1,1,7,2,2,4,'2019-01-01',200
1,1,1,7,2,2,5,'2019-01-01',100
1,1,1,7,2,2,6,'2019-01-01',100
1,1,1,7,2,2,7,'2019-01-01',100
1,1,1,7,2,2,8,'2019-01-01',100
1,1,1,7,2,2,9,'2019-01-01',200
1,1,1,7,2,2,10,'2019-01-01',100
1,1,1,7,2,2,11,'2019-01-01',100
1,1,1,7,2,2,12,'2019-01-01',200
1,1,1,7,2,2,13,'2019-01-01',100
1,1,1,7,2,2,14,'2019-01-01',100
1,1,1,7,2,2,15,'2019-01-01',200
1,1,1,7,2,2,16,'2019-01-01',100
1,1,1,7,2,2,17,'2019-01-01',100
1,1,1,7,2,2,18,'2019-01-01',200
1,1,1,7,2,2,19,'2019-01-01',100
1,1,1,7,2,2,20,'2019-01-01',100
1,1,1,7,2,2,21,'2019-01-01',200
1,1,1,7,2,2,22,'2019-01-01',100
1,1,1,7,2,2,23,'2019-01-01',100
1,1,1,7,2,2,24,'2019-01-01',200
1,1,1,7,2,2,25,'2019-01-01',100
1,1,1,7,2,2,26,'2019-01-01',100
1,1,1,7,2,2,27,'2019-01-01',100
1,1,1,7,2,2,28,'2019-01-01',100
1,1,1,7,2,2,29,'2019-01-01',200
1,1,1,7,2,2,30,'2019-01-01',100
1,1,1,7,2,2,31,'2019-01-01',100
1,1,1,7,2,2,32,'2019-01-01',100
1,1,1,7,2,2,33,'2019-01-01',100
1,1,1,7,2,2,34,'2019-01-01',200
1,1,1,7,2,2,35,'2019-01-01',100
1,1,1,7,2,2,36,'2019-01-01',100
1,1,1,7,2,2,37,'2019-01-01',200
1,1,1,7,2,2,38,'2019-01-01',100
1,1,1,7,2,2,39,'2019-01-01',100
1,1,1,7,2,2,40,'2019-01-01',200
1,1,1,7,2,2,41,'2019-01-01',100
1,1,1,7,2,2,42,'2019-01-01',100
1,1,1,7,2,2,43,'2019-01-01',200
1,1,1,7,2,2,44,'2019-01-01',100
1,1,1,7,2,2,45,'2019-01-01',100
1,1,1,7,2,2,46,'2019-01-01',200
1,1,1,7,2,2,47,'2019-01-01',100
1,1,1,7,2,2,48,'2019-01-01',100
1,1,1,7,2,2,49,'2019-01-01',200
1,1,1,7,2,2,50,'2019-01-01',100
1,1,1,7,2,2,51,'2019-01-01',100
1,1,1,7,2,2,52,'2019-01-01',100
1,1,1,7,2,2,53,'2019-01-01',100
1,1,1,7,2,2,54,'2019-01-01',200
1,1,1,7,2,2,55,'2019-01-01',100
1,1,1,7,2,2,56,'2019-01-01',100
1,1,1,7,2,2,57,'2019-01-01',100
1,1,1,7,2,2,58,'2019-01-01',100
1,1,1,7,2,2,59,'2019-01-01',200
1,1,1,7,2,2,60,'2019-01-01',100
1,1,1,7,2,2,61,'2019-01-01',100
1,1,1,7,2,2,62,'2019-01-01',200
1,1,1,7,2,2,63,'2019-01-01',100
1,1,1,7,2,2,64,'2019-01-01',100
1,1,1,7,2,2,65,'2019-01-01',200
1,1,1,7,2,2,66,'2019-01-01',100
1,1,1,7,2,2,67,'2019-01-01',100
1,1,1,7,2,2,68,'2019-01-01',200
1,1,1,7,2,2,69,'2019-01-01',100
1,1,1,7,2,2,70,'2019-01-01',100
1,1,1,7,2,2,71,'2019-01-01',200
1,1,1,7,2,2,72,'2019-01-01',100
1,1,1,7,2,2,73,'2019-01-01',100
1,1,1,7,2,2,74,'2019-01-01',200
1,1,1,7,2,2,75,'2019-01-01',100
1,1,1,7,2,2,76,'2019-01-01',100
1,1,1,7,2,2,77,'2019-01-01',100
1,1,1,7,2,2,78,'2019-01-01',100
1,1,1,7,2,2,79,'2019-01-01',200
1,1,1,7,2,2,80,'2019-01-01',100
1,1,1,7,2,2,81,'2019-01-01',100
1,1,1,7,2,2,82,'2019-01-01',100
1,1,1,7,2,2,83,'2019-01-01',100
1,1,1,7,2,2,84,'2019-01-01',200
1,1,1,7,2,2,85,'2019-01-01',100
1,1,1,7,2,2,86,'2019-01-01',100
1,1,1,7,2,2,87,'2019-01-01',200
1,1,1,7,2,2,88,'2019-01-01',100
1,1,1,7,2,2,89,'2019-01-01',100
1,1,1,7,2,2,90,'2019-01-01',200
1,1,1,7,2,2,91,'2019-01-01',100
1,1,1,7,2,2,92,'2019-01-01',100
1,1,1,7,2,2,93,'2019-01-01',200
1,1,1,7,2,2,94,'2019-01-01',100
1,1,1,7,2,2,95,'2019-01-01',100
1,1,1,7,2,2,96,'2019-01-01',200
1,1,1,7,2,2,97,'2019-01-01',100
1,1,1,7,2,2,98,'2019-01-01',100
1,1,1,7,2,2,99,'2019-01-01',200
1,1,1,7,2,2,100,'2019-01-01',100
1,1,1,7,2,2,101,'2019-01-01',100
1,1,1,7,2,2,102,'2019-01-01',100
1,1,1,7,2,2,103,'2019-01-01',100
1,1,1,7,2,2,104,'2019-01-01',200
1,1,1,7,2,2,105,'2019-01-01',100
1,1,1,7,2,2,106,'2019-01-01',100
1,1,1,7,2,2,107,'2019-01-01',100
1,1,1,7,2,2,108,'2019-01-01',100
1,1,1,7,2,2,109,'2019-01-01',200
1,1,1,7,2,2,110,'2019-01-01',100
1,1,1,7,2,2,111,'2019-01-01',100
1,1,1,7,2,2,112,'2019-01-01',200
1,1,1,7,2,2,113,'2019-01-01',100
1,1,1,7,2,2,114,'2019-01-01',100
1,1,1,7,2,2,115,'2019-01-01',200
1,1,1,7,2,2,116,'2019-01-01',100
1,1,1,7,2,2,117,'2019-01-01',100
1,1,1,7,2,2,118,'2019-01-01',200
1,1,1,7,2,2,119,'2019-01-01',100
1,1,1,7,2,2,120,'2019-01-01',100
1,1,1,7,2,2,121,'2019-01-01',200
1,1,1,7,2,2,122,'2019-01-01',100
1,1,1,7,2,2,123,'2019-01-01',100
1,1,1,7,2,2,124,'2019-01-01',200
1,1,1,7,2,2,125,'2019-01-01',100
1,1,1,7,2,2,126,'2019-01-01',100
1,1,1,7,2,2,127,'2019-01-01',100
1,1,1,7,2,2,128,'2019-01-01',100
1,1,1,7,2,2,129,'2019-01-01',200
1,1,1,7,2,2,130,'2019-01-01',100
1,1,1,7,2,2,131,'2019-01-01',100
1,1,1,7,2,2,132,'2019-01-01',100
1,1,1,7,2,2,133,'2019-01-01',100
1,1,1,7,2,2,134,'2019-01-01',200
1,1,1,7,2,2,135,'2019-01-01',100
1,1,1,7,2,2,136,'2019-01-01',100
1,1,1,7,2,2,137,'2019-01-01',200
1,1,1,7,2,2,138,'2019-01-01',100
1,1,1,7,2,2,139,'2019-01-01',100
1,1,1,7,2,2,140,'2019-01-01',200
1,1,1,7,2,2,141,'2019-01-01',100
1,1,1,7,2,2,142,'2019-01-01',100
1,1,1,7,2,2,143,'2019-01-01',200
1,1,1,7,2,2,144,'2019-01-01',100
1,1,1,7,2,2,145,'2019-01-01',100
1,1,1,7,2,2,146,'2019-01-01',200
1,1,1,7,2,2,147,'2019-01-01',100
1,1,1,7,2,2,148,'2019-01-01',100
1,1,1,7,2,2,149,'2019-01-01',200
1,1,1,7,2,2,150,'2019-01-01',100
1,1,1,7,2,2,151,'2019-01-01',100
1,1,1,7,2,2,152,'2019-01-01',100
1,1,1,7,2,2,153,'2019-01-01',100
1,1,1,7,2,2,154,'2019-01-01',200
1,1,1,7,2,2,155,'2019-01-01',100
1,1,1,7,2,2,156,'2019-01-01',100
1,1,1,7,2,2,157,'2019-01-01',100
1,1,1,7,2,2,158,'2019-01-01',100
1,1,1,7,2,2,159,'2019-01-01',200
1,1,1,7,2,2,160,'2019-01-01',100
1,1,1,7,2,2,161,'2019-01-01',100
1,1,1,7,2,2,162,'2019-01-01',200
1,1,1,7,2,2,163,'2019-01-01',100
1,1,1,7,2,2,164,'2019-01-01',100
1,1,1,7,2,2,165,'2019-01-01',200
1,1,1,7,2,2,166,'2019-01-01',100
1,1,1,7,2,2,167,'2019-01-01',100
1,1,1,7,2,2,168,'2019-01-01',200
1,1,1,7,2,2,169,'2019-01-01',100
1,1,1,7,2,2,170,'2019-01-01',100
1,1,1,7,2,2,171,'2019-01-01',200
1,1,1,7,2,2,172,'2019-01-01',100
1,1,1,7,2,2,173,'2019-01-01',100
1,1,1,7,2,2,174,'2019-01-01',200
1,1,1,7,2,2,175,'2019-01-01',100
1,1,1,7,2,2,176,'2019-01-01',100
1,1,1,7,2,2,177,'2019-01-01',100
1,1,1,7,2,2,178,'2019-01-01',100
1,1,1,7,2,2,179,'2019-01-01',200
1,1,1,7,2,2,180,'2019-01-01',100
1,1,1,7,2,2,181,'2019-01-01',100
1,1,1,7,2,2,182,'2019-01-01',100
1,1,1,7,2,2,183,'2019-01-01',100
1,1,1,7,2,2,184,'2019-01-01',200
1,1,1,7,2,2,185,'2019-01-01',100
1,1,1,7,2,2,186,'2019-01-01',100
1,1,1,7,2,2,187,'2019-01-01',200
1,1,1,7,2,2,188,'2019-01-01',100
1,1,1,7,2,2,189,'2019-01-01',100
1,1,1,7,2,2,190,'2019-01-01',200
1,1,1,7,2,2,191,'2019-01-01',100
1,1,1,7,2,2,192,'2019-01-01',100
1,1,1,7,2,2,193,'2019-01-01',200
1,1,1,7,2,2,194,'2019-01-01',100
1,1,1,7,2,2,195,'2019-01-01',100
1,1,1,7,2,2,196,'2019-01-01',200
1,1,1,7,2,2,197,'2019-01-01',100
1,1,1,7,2,2,198,'2019-01-01',100
1,1,1,7,2,2,199,'2019-01-01',200