1,1,1,7,2,2,1,'2019-01-01',100
1,1,1,7,2,2,2,'2019-01-01',100
1,1,1,7,2,2,3,'2019-01-01',100
1,1,1,7,2,2,4,'2019-01-01',100
1,1,1,7,2,2,4,'2019-01-01',200
1,1,1,7,2,2,5,'2019-01-01',100
1,1,1,7,2,2,6,'2019-01-01',100
1,1,1,7,2,2,7,'2019-01-01',100
1,1,1,7,2,2,8,'2019-01-01',100
1,1,1,7,2,2,9,'2019-01-01',200
1,1,1,7,2,2,10,'2019-01-01',100
1,1,1,7,2,2,11,'2019-01-01',100
1,1,1,7,2,2,12,'2019-01-01',200
1,1,1,7,2,2,13,'2019-01-01',100
1,1,1,7,2,2,14,'2019-01-01',100
1,1,1,7,2,2,15,'2019-01-01',200
1,1,1,7,2,2,16,'2019-01-01',100
1,1,1,7,2,2,17,'2019-01-01',100
1,1,1,7,2,2,18,'2019-01-01',200
1,1,1,7,2,2,19,'2019-01-01',100
1,1,1,7,2,2,20,'2019-01-01',100
1,1,1,7,2,2,21,'2019-01-01',200
1,1,1,7,2,2,22,'2019-01-01',100
1,1,1,7,2,2,23,'2019-01-01',100
1,1,1,7,2,2,24,'2019-01-01',200
1,1,1,7,2,2,25,'2019-01-01',100
1,1,1,7,2,2,26,'2019-01-01',100
1,1,1,7,2,2,27,'2019-01-01',100
1,1,1,7,2,2,28,'2019-01-01',100
1,1,1,7,2,2,29,'2019-01-01',200
1,1,1,7,2,2,30,'2019-01-01',100
1,1,1,7,2,2,31,'2019-01-01',100
1,1,1,7,2,2,32,'2019-01-01',100
1,1,1,7,2,2,33,'2019-01-01',100
1,1,1,7,2,2,34,'2019-01-01',200
1,1,1,7,2,2,35,'2019-01-01',100
1,1,1,7,2,2,36,'2019-01-01',100
1,1,1,7,2,2,37,'2019-01-01',200
1,1,1,7,2,2,38,'2019-01-01',100
1,1,1,7,2,2,39,'2019-01-01',100
1,1,1,7,2,2,40,'2019-01-01',200
1,1,1,7,2,2,41,'2019-01-01',100
1,1,1,7,2,2,42,'2019-01-01',100
1,1,1,7,2,2,43,'2019-01-01',200
1,1,1,7,2,2,44,'2019-01-01',100
1,1,1,7,2,2,45,'2019-01-01',100
1,1,1,7,2,2,46,'2019-01-01',200
1,1,1,7,2,2,47,'2019-01-01',100
1,1,1,7,2,2,48,'2019-01-01',100
1,1,1,7,2,2,49,'2019-01-01',200
1,1,1,7,2,2,50,'2019-01-01',100
1,1,1,7,2,2,51,'2019-01-01',100
1,1,1,7,2,2,52,'2019-01-01',100
1,1,1,7,2,2,53,'2019-01-01',100
1,1,1,7,2,2,54,'2019-01-01',200
1,1,1,7,2,2,55,'2019-01-01',100
1,1,1,7,2,2,56,'2019-01-01',100
1,1,1,7,2,2,57,'2019-01-01',100
1,1,1,7,2,2,58,'2019-01-01',100
1,1,1,7,2,2,59,'2019-01-01',200
1,1,1,7,2,2,60,'2019-01-01',100
1,1,1,7,2,2,61,'2019-01-01',100
1,1,1,7,2,2,62,'2019-01-01',200
1,1,1,7,2,2,63,'2019-01-01',100
1,1,1,7,2,2,64,'2019-01-01',100
1,1,1,7,2,2,65,'2019-01-01',200
1,1,1,7,2,2,66,'2019-01-01',100
1,1,1,7,2,2,67,'2019-01-01',100
1,1,1,7,2,2,68,'2019-01-01',200
1,1,1,7,2,2,69,'2019-01-01',100
1,1,1,7,2,2,70,'2019-01-01',100
1,1,1,7,2,2,71,'2019-01-01',200
1,1,1,7,2,2,72,'2019-01-01',100
1,1,1,7,2,2,73,'2019-01-01',100
1,1,1,7,2,2,74,'2019-01-01',200
1,1,1,7,2,2,75,'2019-01-01',100
1,1,1,7,2,2,76,'2019-01-01',100
1,1,1,7,2,2,77,'2019-01-01',100
1,1,1,7,2,2,78,'2019-01-01',100
1,1,1,7,2,2,79,'2019-01-01',200
1,1,1,7,2,2,80,'2019-01-01',100
1,1,1,7,2,2,81,'2019-01-01',100
1,1,1,7,2,2,82,'2019-01-01',100
1,1,1,7,2,2,83,'2019-01-01',100
1,1,1,7,2,2,84,'2019-01-01',200
1,1,1,7,2,2,85,'2019-01-01',100
1,1,1,7,2,2,86,'2019-01-01',100
1,1,1,7,2,2,87,'2019-01-01',200
1,1,1,7,2,2,88,'2019-01-01',100
1,1,1,7,2,2,89,'2019-01-01',100
1,1,1,7,2,2,90,'2019-01-01',200
1,1,1,7,2,2,91,'2019-01-01',100
1,1,1,7,2,2,92,'2019-01-01',100
1,1,1,7,2,2,93,'2019-01-01',200
1,1,1,7,2,2,94,'2019-01-01',100
1,1,1,7,2,2,95,'2019-01-01',100
1,1,1,7,2,2,96,'2019-01-01',200
1,1,1,7,2,2,97,'2019-01-01',100
1,1,1,7,2,2,98,'2019-01-01',100
1,1,1,7,2,2,99,'2019-01-01',200
1,1,1,7,2,2,100,'2019-01-01',100
1,1,1,7,2,2,101,'2019-01-01',100
1,1,1,7,2,2,102,'2019-01-01',100
1,1,1,7,2,2,103,'2019-01-01',100
1,1,1,7,2,2,104,'2019-01-01',200
1,1,1,7,2,2,105,'2019-01-01',100
1,1,1,7,2,2,106,'2019-01-01',100
1,1,1,7,2,2,107,'2019-01-01',100
1,1,1,7,2,2,108,'2019-01-01',100
1,1,1,7,2,2,109,'2019-01-01',200
1,1,1,7,2,2,110,'2019-01-01',100
1,1,1,7,2,2,111,'2019-01-01',100
1,1,1,7,2,2,112,'2019-01-01',200
1,1,1,7,2,2,113,'2019-01-01',100
1,1,1,7,2,2,114,'2019-01-01',100
1,1,1,7,2,2,115,'2019-01-01',200
1,1,1,7,2,2,116,'2019-01-01',100
1,1,1,7,2,2,117,'2019-01-01',100
1,1,1,7,2,2,118,'2019-01-01',200
1,1,1,7,2,2,119,'2019-01-01',100
1,1,1,7,2,2,120,'2019-01-01',100
1,1,1,7,2,2,121,'2019-01-01',200
1,1,1,7,2,2,122,'2019-01-01',100
1,1,1,7,2,2,123,'2019-01-01',100
1,1,1,7,2,2,124,'2019-01-01',200
1,1,1,7,2,2,125,'2019-01-01',100
1,1,1,7,2,2,126,'2019-01-01',100
1,1,1,7,2,2,127,'2019-01-01',100
1,1,1,7,2,2,128,'2019-01-01',100
1,1,1,7,2,2,129,'2019-01-01',200
1,1,1,7,2,2,130,'2019-01-01',100
1,1,1,7,2,2,131,'2019-01-01',100
1,1,1,7,2,2,132,'2019-01-01',100
1,1,1,7,2,2,133,'2019-01-01',100
1,1,1,7,2,2,134,'2019-01-01',200
1,1,1,7,2,2,135,'2019-01-01',100
1,1,1,7,2,2,136,'2019-01-01',100
1,1,1,7,2,2,137,'2019-01-01',200
1,1,1,7,2,2,138,'2019-01-01',100
1,1,1,7,2,2,139,'2019-01-01',100
1,1,1,7,2,2,140,'2019-01-01',200
1,1,1,7,2,2,141,'2019-01-01',100
1,1,1,7,2,2,142,'2019-01-01',100
1,1,1,7,2,2,143,'2019-01-01',200
1,1,1,7,2,2,144,'2019-01-01',100
1,1,1,7,2,2,145,'2019-01-01',100
1,1,1,7,2,2,146,'2019-01-01',200
1,1,1,7,2,2,147,'2019-01-01',100
1,1,1,7,2,2,148,'2019-01-01',100
1,1,1,7,2,2,149,'2019-01-01',200
1,1,1,7,2,2,150,'2019-01-01',100
1,1,1,7,2,2,151,'2019-01-01',100
1,1,1,7,2,2,152,'2019-01-01',100
1,1,1,7,2,2,153,'2019-01-01',100
1,1,1,7,2,2,154,'2019-01-01',200
1,1,1,7,2,2,155,'2019-01-01',100
1,1,1,7,2,2,156,'2019-01-01',100
1,1,1,7,2,2,157,'2019-01-01',100
1,1,1,7,2,2,158,'2019-01-01',100
1,1,1,7,2,2,159,'2019-01-01',200
1,1,1,7,2,2,160,'2019-01-01',100
1,1,1,7,2,2,161,'2019-01-01',100
1,1,1,7,2,2,162,'2019-01-01',200
1,1,1,7,2,2,163,'2019-01-01',100
1,1,1,7,2,2,164,'2019-01-01',100
1,1,1,7,2,2,165,'2019-01-01',200
1,1,1,7,2,2,166,'2019-01-01',100
1,1,1,7,2,2,167,'2019-01-01',100
1,1,1,7,2,2,168,'2019-01-01',200
1,1,1,7,2,2,169,'2019-01-01',100
1,1,1,7,2,2,170,'2019-01-01',100
1,1,1,7,2,2,171,'2019-01-01',200
1,1,1,7,2,2,172,'2019-01-01',100
1,1,1,7,2,2,173,'2019-01-01',100
1,1,1,7,2,2,174,'2019-01-01',200
1,1,1,7,2,2,175,'2019-01-01',100
1,1,1,7,2,2,176,'2019-01-01',100
1,1,1,7,2,2,177,'2019-01-01',100
1,1,1,7,2,2,178,'2019-01-01',100
1,1,1,7,2,2,179,'2019-01-01',200
1,1,1,7,2,2,180,'2019-01-01',100
1,1,1,7,2,2,181,'2019-01-01',100
1,1,1,7,2,2,182,'2019-01-01',100
1,1,1,7,2,2,183,'2019-01-01',100
1,1,1,7,2,2,184,'2019-01-01',200
1,1,1,7,2,2,185,'2019-01-01',100
1,1,1,7,2,2,186,'2019-01-01',100
1,1,1,7,2,2,187,'2019-01-01',200
1,1,1,7,2,2,188,'2019-01-01',100
1,1,1,7,2,2,189,'2019-01-01',100
1,1,1,7,2,2,190,'2019-01-01',200
1,1,1,7,2,2,191,'2019-01-01',100
1,1,1,7,2,2,192,'2019-01-01',100
1,1,1,7,2,2,193,'2019-01-01',200
1,1,1,7,2,2,194,'2019-01-01',100
1,1,1,7,2,2,195,'2019-01-01',100
1,1,1,7,2,2,196,'2019-01-01',200
1,1,1,7,2,2,197,'2019-01-01',100
1,1,1,7,2,2,198,'2019-01-01',100
1,1,1,7,2,2,199,'2019-01-01',200
1,1,1,7,2,2,200,'2019-01-01',200
1,1,1,7,2,2,201,'2019-01-01',100
1,1,1,7,2,2,202,'2019-01-01',100
1,1,1,7,2,2,203,'2019-01-01',100
1,1,1,7,2,2,204,'2019-01-01',100
1,1,1,7,2,2,204,'2019-01-01',200
1,1,1,7,2,2,205,'2019-01-01',100
1,1,1,7,2,2,206,'2019-01-01',100
1,1,1,7,2,2,207,'2019-01-01',100
1,1,1,7,2,2,208,'2019-01-01',100
1,1,1,7,2,2,209,'2019-01-01',200
1,1,1,7,2,2,210,'2019-01-01',100
1,1,1,7,2,2,211,'2019-01-01',100
1,1,1,7,2,2,212,'2019-01-01',200
1,1,1,7,2,2,213,'2019-01-01',100
1,1,1,7,2,2,214,'2019-01-01',100
1,1,1,7,2,2,215,'2019-01-01',200
1,1,1,7,2,2,216,'2019-01-01',100
1,1,1,7,2,2,217,'2019-01-01',100
1,1,1,7,2,2,218,'2019-01-01',200
1,1,1,7,2,2,219,'2019-01-01',100
1,1,1,7,2,2,220,'2019-01-01',100
1,1,1,7,2,2,221,'2019-01-01',200
1,1,1,7,2,2,222,'2019-01-01',100
1,1,1,7,2,2,223,'2019-01-01',100
1,1,1,7,2,2,224,'2019-01-01',200
1,1,1,7,2,2,225,'2019-01-01',100
1,1,1,7,2,2,226,'2019-01-01',100
1,1,1,7,2,2,227,'2019-01-01',100
1,1,1,7,2,2,228,'2019-01-01',100
1,1,1,7,2,2,229,'2019-01-01',200
1,1,1,7,2,2,230,'2019-01-01',100
1,1,1,7,2,2,231,'2019-01-01',100
1,1,1,7,2,2,232,'2019-01-01',100
1,1,1,7,2,2,233,'2019-01-01',100
1,1,1,7,2,2,234,'2019-01-01',200
1,1,1,7,2,2,235,'2019-01-01',100
1,1,1,7,2,2,236,'2019-01-01',100
1,1,1,7,2,2,237,'2019-01-01',200
1,1,1,7,2,2,238,'2019-01-01',100
1,1,1,7,2,2,239,'2019-01-01',100
1,1,1,7,2,2,240,'2019-01-01',200
1,1,1,7,2,2,241,'2019-01-01',100
1,1,1,7,2,2,242,'2019-01-01',100
1,1,1,7,2,2,243,'2019-01-01',200
1,1,1,7,2,2,244,'2019-01-01',100
1,1,1,7,2,2,245,'2019-01-01',100
1,1,1,7,2,2,246,'2019-01-01',200
1,1,1,7,2,2,247,'2019-01-01',100
1,1,1,7,2,2,248,'2019-01-01',100
1,1,1,7,2,2,249,'2019-01-01',200
1,1,1,7,2,2,250,'2019-01-01',100
1,1,1,7,2,2,251,'2019-01-01',100
1,1,1,7,2,2,252,'2019-01-01',100
1,1,1,7,2,2,253,'2019-01-01',100
1,1,1,7,2,2,254,'2019-01-01',200
1,1,1,7,2,2,255,'2019-01-01',100
1,1,1,7,2,2,256,'2019-01-01',100
1,1,1,7,2,2,257,'2019-01-01',100
1,1,1,7,2,2,258,'2019-01-01',100
1,1,1,7,2,2,259,'2019-01-01',200
1,1,1,7,2,2,260,'2019-01-01',100
1,1,1,7,2,2,261,'2019-01-01',100
1,1,1,7,2,2,262,'2019-01-01',200
1,1,1,7,2,2,263,'2019-01-01',100
1,1,1,7,2,2,264,'2019-01-01',100
1,1,1,7,2,2,265,'2019-01-01',200
1,1,1,7,2,2,266,'2019-01-01',100
1,1,1,7,2,2,267,'2019-01-01',100
1,1,1,7,2,2,268,'2019-01-01',200
1,1,1,7,2,2,269,'2019-01-01',100
1,1,1,7,2,2,270,'2019-01-01',100
1,1,1,7,2,2,271,'2019-01-01',200
1,1,1,7,2,2,272,'2019-01-01',100
1,1,1,7,2,2,273,'2019-01-01',100
1,1,1,7,2,2,274,'2019-01-01',200
1,1,1,7,2,2,275,'2019-01-01',100
1,1,1,7,2,2,276,'2019-01-01',100
1,1,1,7,2,2,277,'2019-01-01',100
1,1,1,7,2,2,278,'2019-01-01',100
1,1,1,7,2,2,279,'2019-01-01',200
1,1,1,7,2,2,280,'2019-01-01',100
1,1,1,7,2,2,281,'2019-01-01',100
1,1,1,7,2,2,282,'2019-01-01',100
1,1,1,7,2,2,283,'2019-01-01',100
1,1,1,7,2,2,284,'2019-01-01',200
1,1,1,7,2,2,285,'2019-01-01',100
1,1,1,7,2,2,286,'2019-01-01',100
1,1,1,7,2,2,287,'2019-01-01',200
1,1,1,7,2,2,288,'2019-01-01',100
1,1,1,7,2,2,289,'2019-01-01',100
1,1,1,7,2,2,290,'2019-01-01',200
1,1,1,7,2,2,291,'2019-01-01',100
1,1,1,7,2,2,292,'2019-01-01',100
1,1,1,7,2,2,293,'2019-01-01',200
1,1,1,7,2,2,294,'2019-01-01',100
1,1,1,7,2,2,295,'2019-01-01',100
1,1,1,7,2,2,296,'2019-01-01',200
1,1,1,7,2,2,297,'2019-01-01',100
1,1,1,7,2,2,298,'2019-01-01',100
1,1,1,7,2,2,299,'2019-01-01',200
1,1,1,7,2,2,300,'2019-01-01',200
1,1,1,7,2,2,301,'2019-01-01',100
1,1,1,7,2,2,302,'2019-01-01',100
1,1,1,7,2,2,303,'2019-01-01',100
1,1,1,7,2,2,304,'2019-01-01',100
1,1,1,7,2,2,304,'2019-01-01',200
1,1,1,7,2,2,305,'2019-01-01',100
1,1,1,7,2,2,306,'2019-01-01',100
1,1,1,7,2,2,307,'2019-01-01',100
1,1,1,7,2,2,308,'2019-01-01',100
1,1,1,7,2,2,309,'2019-01-01',200
1,1,1,7,2,2,310,'2019-01-01',100
1,1,1,7,2,2,311,'2019-01-01',100
1,1,1,7,2,2,312,'2019-01-01',200
1,1,1,7,2,2,313,'2019-01-01',100
1,1,1,7,2,2,314,'2019-01-01',100
1,1,1,7,2,2,315,'2019-01-01',200
1,1,1,7,2,2,316,'2019-01-01',100
1,1,1,7,2,2,317,'2019-01-01',100
1,1,1,7,2,2,318,'2019-01-01',200
1,1,1,7,2,2,319,'2019-01-01',100
1,1,1,7,2,2,320,'2019-01-01',100
1,1,1,7,2,2,321,'2019-01-01',200
1,1,1,7,2,2,322,'2019-01-01',100
1,1,1,7,2,2,323,'2019-01-01',100
1,1,1,7,2,2,324,'2019-01-01',200
1,1,1,7,2,2,325,'2019-01-01',100
1,1,1,7,2,2,326,'2019-01-01',100
1,1,1,7,2,2,327,'2019-01-01',100
1,1,1,7,2,2,328,'2019-01-01',100
1,1,1,7,2,2,329,'2019-01-01',200
1,1,1,7,2,2,330,'2019-01-01',100
1,1,1,7,2,2,331,'2019-01-01',100
1,1,1,7,2,2,332,'2019-01-01',100
1,1,1,7,2,2,333,'2019-01-01',100
1,1,1,7,2,2,334,'2019-01-01',200
1,1,1,7,2,2,335,'2019-01-01',100
1,1,1,7,2,2,336,'2019-01-01',100
1,1,1,7,2,2,337,'2019-01-01',200
1,1,1,7,2,2,338,'2019-01-01',100
1,1,1,7,2,2,339,'2019-01-01',100
1,1,1,7,2,2,340,'2019-01-01',200
1,1,1,7,2,2,341,'2019-01-01',100
1,1,1,7,2,2,342,'2019-01-01',100
1,1,1,7,2,2,343,'2019-01-01',200
1,1,1,7,2,2,344,'2019-01-01',100
1,1,1,7,2,2,345,'2019-01-01',100
1,1,1,7,2,2,346,'2019-01-01',200
1,1,1,7,2,2,347,'2019-01-01',100
1,1,1,7,2,2,348,'2019-01-01',100
1,1,1,7,2,2,349,'2019-01-01',200
1,1,1,7,2,2,350,'2019-01-01',100
1,1,1,7,2,2,351,'2019-01-01',100
1,1,1,7,2,2,352,'2019-01-01',100
1,1,1,7,2,2,353,'2019-01-01',100
1,1,1,7,2,2,354,'2019-01-01',200
1,1,1,7,2,2,355,'2019-01-01',100
1,1,1,7,2,2,356,'2019-01-01',100
1,1,1,7,2,2,357,'2019-01-01',100
1,1,1,7,2,2,358,'2019-01-01',100
1,1,1,7,2,2,359,'2019-01-01',200
1,1,1,7,2,2,360,'2019-01-01',100
1,1,1,7,2,2,361,'2019-01-01',100
1,1,1,7,2,2,362,'2019-01-01',200
1,1,1,7,2,2,363,'2019-01-01',100
1,1,1,7,2,2,364,'2019-01-01',100
1,1,1,7,2,2,365,'2019-01-01',200
1,1,1,7,2,2,366,'2019-01-01',100
1,1,1,7,2,2,367,'2019-01-01',100
1,1,1,7,2,2,368,'2019-01-01',200
1,1,1,7,2,2,369,'2019-01-01',100
1,1,1,7,2,2,370,'2019-01-01',100
1,1,1,7,2,2,371,'2019-01-01',200
1,1,1,7,2,2,372,'2019-01-01',100
1,1,1,7,2,2,373,'2019-01-01',100
1,1,1,7,2,2,374,'2019-01-01',200
1,1,1,7,2,2,375,'2019-01-01',100
1,1,1,7,2,2,376,'2019-01-01',100
1,1,1,7,2,2,377,'2019-01-01',100
1,1,1,7,2,2,378,'2019-01-01',100
1,1,1,7,2,2,379,'2019-01-01',200
1,1,1,7,2,2,380,'2019-01-01',100
1,1,1,7,2,2,381,'2019-01-01',100
1,1,1,7,2,2,382,'2019-01-01',100
1,1,1,7,2,2,383,'2019-01-01',100
1,1,1,7,2,2,384,'2019-01-01',200
1,1,1,7,2,2,385,'2019-01-01',100
1,1,1,7,2,2,386,'2019-01-01',100
1,1,1,7,2,2,387,'2019-01-01',200
1,1,1,7,2,2,388,'2019-01-01',100
1,1,1,7,2,2,389,'2019-01-01',100
1,1,1,7,2,2,390,'2019-01-01',200
1,1,1,7,2,2,391,'2019-01-01',100
1,1,1,7,2,2,392,'2019-01-01',100
1,1,1,7,2,2,393,'2019-01-01',200
1,1,1,7,2,2,394,'2019-01-01',100
1,1,1,7,2,2,395,'2019-01-01',100
1,1,1,7,2,2,396,'2019-01-01',200
1,1,1,7,2,2,397,'2019-01-01',100
1,1,1,7,2,2,398,'2019-01-01',100
1,1,1,7,2,2,399,'2019-01-01',200