1,1,1,7,2,3,1,'2019-01-01',100
1,1,1,7,2,3,2,'2019-01-01',100
1,1,1,7,2,3,3,'2019-01-01',100
1,1,1,7,2,3,4,'2019-01-01',100
1,1,1,7,2,3,4,'2019-01-01',200
1,1,1,7,2,3,5,'2019-01-01',100
1,1,1,7,2,3,6,'2019-01-01',100
1,1,1,7,2,3,7,'2019-01-01',100
1,1,1,7,2,3,8,'2019-01-01',100
1,1,1,7,2,3,9,'2019-01-01',200
1,1,1,7,2,3,10,'2019-01-01',100
1,1,1,7,2,3,11,'2019-01-01',100
1,1,1,7,2,3,12,'2019-01-01',200
1,1,1,7,2,3,13,'2019-01-01',100
1,1,1,7,2,3,14,'2019-01-01',100
1,1,1,7,2,3,15,'2019-01-01',200
1,1,1,7,2,3,16,'2019-01-01',100
1,1,1,7,2,3,17,'2019-01-01',100
1,1,1,7,2,3,18,'2019-01-01',200
1,1,1,7,2,3,19,'2019-01-01',100
1,1,1,7,2,3,20,'2019-01-01',100
1,1,1,7,2,3,21,'2019-01-01',200
1,1,1,7,2,3,22,'2019-01-01',100
1,1,1,7,2,3,23,'2019-01-01',100
1,1,1,7,2,3,24,'2019-01-01',200
1,1,1,7,2,3,25,'2019-01-01',100
1,1,1,7,2,3,26,'2019-01-01',100
1,1,1,7,2,3,27,'2019-01-01',100
1,1,1,7,2,3,28,'2019-01-01',100
1,1,1,7,2,3,29,'2019-01-01',200
1,1,1,7,2,3,30,'2019-01-01',100
1,1,1,7,2,3,31,'2019-01-01',100
1,1,1,7,2,3,32,'2019-01-01',100
1,1,1,7,2,3,33,'2019-01-01',100
1,1,1,7,2,3,34,'2019-01-01',200
1,1,1,7,2,3,35,'2019-01-01',100
1,1,1,7,2,3,36,'2019-01-01',100
1,1,1,7,2,3,37,'2019-01-01',200
1,1,1,7,2,3,38,'2019-01-01',100
1,1,1,7,2,3,39,'2019-01-01',100
1,1,1,7,2,3,40,'2019-01-01',200
1,1,1,7,2,3,41,'2019-01-01',100
1,1,1,7,2,3,42,'2019-01-01',100
1,1,1,7,2,3,43,'2019-01-01',200
1,1,1,7,2,3,44,'2019-01-01',100
1,1,1,7,2,3,45,'2019-01-01',100
1,1,1,7,2,3,46,'2019-01-01',200
1,1,1,7,2,3,47,'2019-01-01',100
1,1,1,7,2,3,48,'2019-01-01',100
1,1,1,7,2,3,49,'2019-01-01',200
1,1,1,7,2,3,50,'2019-01-01',100
1,1,1,7,2,3,51,'2019-01-01',100
1,1,1,7,2,3,52,'2019-01-01',100
1,1,1,7,2,3,53,'2019-01-01',100
1,1,1,7,2,3,54,'2019-01-01',200
1,1,1,7,2,3,55,'2019-01-01',100
1,1,1,7,2,3,56,'2019-01-01',100
1,1,1,7,2,3,57,'2019-01-01',100
1,1,1,7,2,3,58,'2019-01-01',100
1,1,1,7,2,3,59,'2019-01-01',200
1,1,1,7,2,3,60,'2019-01-01',100
1,1,1,7,2,3,61,'2019-01-01',100
1,1,1,7,2,3,62,'2019-01-01',200
1,1,1,7,2,3,63,'2019-01-01',100
1,1,1,7,2,3,64,'2019-01-01',100
1,1,1,7,2,3,65,'2019-01-01',200
1,1,1,7,2,3,66,'2019-01-01',100
1,1,1,7,2,3,67,'2019-01-01',100
1,1,1,7,2,3,68,'2019-01-01',200
1,1,1,7,2,3,69,'2019-01-01',100
1,1,1,7,2,3,70,'2019-01-01',100
1,1,1,7,2,3,71,'2019-01-01',200
1,1,1,7,2,3,72,'2019-01-01',100
1,1,1,7,2,3,73,'2019-01-01',100
1,1,1,7,2,3,74,'2019-01-01',200
1,1,1,7,2,3,75,'2019-01-01',100
1,1,1,7,2,3,76,'2019-01-01',100
1,1,1,7,2,3,77,'2019-01-01',100
1,1,1,7,2,3,78,'2019-01-01',100
1,1,1,7,2,3,79,'2019-01-01',200
1,1,1,7,2,3,80,'2019-01-01',100
1,1,1,7,2,3,81,'2019-01-01',100
1,1,1,7,2,3,82,'2019-01-01',100
1,1,1,7,2,3,83,'2019-01-01',100
1,1,1,7,2,3,84,'2019-01-01',200
1,1,1,7,2,3,85,'2019-01-01',100
1,1,1,7,2,3,86,'2019-01-01',100
1,1,1,7,2,3,87,'2019-01-01',200
1,1,1,7,2,3,88,'2019-01-01',100
1,1,1,7,2,3,89,'2019-01-01',100
1,1,1,7,2,3,90,'2019-01-01',200
1,1,1,7,2,3,91,'2019-01-01',100
1,1,1,7,2,3,92,'2019-01-01',100
1,1,1,7,2,3,93,'2019-01-01',200
1,1,1,7,2,3,94,'2019-01-01',100
1,1,1,7,2,3,95,'2019-01-01',100
1,1,1,7,2,3,96,'2019-01-01',200
1,1,1,7,2,3,97,'2019-01-01',100
1,1,1,7,2,3,98,'2019-01-01',100
1,1,1,7,2,3,99,'2019-01-01',200
1,1,1,7,2,3,100,'2019-01-01',100
1,1,1,7,2,3,101,'2019-01-01',100
1,1,1,7,2,3,102,'2019-01-01',100
1,1,1,7,2,3,103,'2019-01-01',100
1,1,1,7,2,3,104,'2019-01-01',200
1,1,1,7,2,3,105,'2019-01-01',100
1,1,1,7,2,3,106,'2019-01-01',100
1,1,1,7,2,3,107,'2019-01-01',100
1,1,1,7,2,3,108,'2019-01-01',100
1,1,1,7,2,3,109,'2019-01-01',200
1,1,1,7,2,3,110,'2019-01-01',100
1,1,1,7,2,3,111,'2019-01-01',100
1,1,1,7,2,3,112,'2019-01-01',200
1,1,1,7,2,3,113,'2019-01-01',100
1,1,1,7,2,3,114,'2019-01-01',100
1,1,1,7,2,3,115,'2019-01-01',200
1,1,1,7,2,3,116,'2019-01-01',100
1,1,1,7,2,3,117,'2019-01-01',100
1,1,1,7,2,3,118,'2019-01-01',200
1,1,1,7,2,3,119,'2019-01-01',100
1,1,1,7,2,3,120,'2019-01-01',100
1,1,1,7,2,3,121,'2019-01-01',200
1,1,1,7,2,3,122,'2019-01-01',100
1,1,1,7,2,3,123,'2019-01-01',100
1,1,1,7,2,3,124,'2019-01-01',200
1,1,1,7,2,3,125,'2019-01-01',100
1,1,1,7,2,3,126,'2019-01-01',100
1,1,1,7,2,3,127,'2019-01-01',100
1,1,1,7,2,3,128,'2019-01-01',100
1,1,1,7,2,3,129,'2019-01-01',200
1,1,1,7,2,3,130,'2019-01-01',100
1,1,1,7,2,3,131,'2019-01-01',100
1,1,1,7,2,3,132,'2019-01-01',100
1,1,1,7,2,3,133,'2019-01-01',100
1,1,1,7,2,3,134,'2019-01-01',200
1,1,1,7,2,3,135,'2019-01-01',100
1,1,1,7,2,3,136,'2019-01-01',100
1,1,1,7,2,3,137,'2019-01-01',200
1,1,1,7,2,3,138,'2019-01-01',100
1,1,1,7,2,3,139,'2019-01-01',100
1,1,1,7,2,3,140,'2019-01-01',200
1,1,1,7,2,3,141,'2019-01-01',100
1,1,1,7,2,3,142,'2019-01-01',100
1,1,1,7,2,3,143,'2019-01-01',200
1,1,1,7,2,3,144,'2019-01-01',100
1,1,1,7,2,3,145,'2019-01-01',100
1,1,1,7,2,3,146,'2019-01-01',200
1,1,1,7,2,3,147,'2019-01-01',100
1,1,1,7,2,3,148,'2019-01-01',100
1,1,1,7,2,3,149,'2019-01-01',200
1,1,1,7,2,3,150,'2019-01-01',100
1,1,1,7,2,3,151,'2019-01-01',100
1,1,1,7,2,3,152,'2019-01-01',100
1,1,1,7,2,3,153,'2019-01-01',100
1,1,1,7,2,3,154,'2019-01-01',200
1,1,1,7,2,3,155,'2019-01-01',100
1,1,1,7,2,3,156,'2019-01-01',100
1,1,1,7,2,3,157,'2019-01-01',100
1,1,1,7,2,3,158,'2019-01-01',100
1,1,1,7,2,3,159,'2019-01-01',200
1,1,1,7,2,3,160,'2019-01-01',100
1,1,1,7,2,3,161,'2019-01-01',100
1,1,1,7,2,3,162,'2019-01-01',200
1,1,1,7,2,3,163,'2019-01-01',100
1,1,1,7,2,3,164,'2019-01-01',100
1,1,1,7,2,3,165,'2019-01-01',200
1,1,1,7,2,3,166,'2019-01-01',100
1,1,1,7,2,3,167,'2019-01-01',100
1,1,1,7,2,3,168,'2019-01-01',200
1,1,1,7,2,3,169,'2019-01-01',100
1,1,1,7,2,3,170,'2019-01-01',100
1,1,1,7,2,3,171,'2019-01-01',200
1,1,1,7,2,3,172,'2019-01-01',100
1,1,1,7,2,3,173,'2019-01-01',100
1,1,1,7,2,3,174,'2019-01-01',200
1,1,1,7,2,3,175,'2019-01-01',100
1,1,1,7,2,3,176,'2019-01-01',100
1,1,1,7,2,3,177,'2019-01-01',100
1,1,1,7,2,3,178,'2019-01-01',100
1,1,1,7,2,3,179,'2019-01-01',200
1,1,1,7,2,3,180,'2019-01-01',100
1,1,1,7,2,3,181,'2019-01-01',100
1,1,1,7,2,3,182,'2019-01-01',100
1,1,1,7,2,3,183,'2019-01-01',100
1,1,1,7,2,3,184,'2019-01-01',200
1,1,1,7,2,3,185,'2019-01-01',100
1,1,1,7,2,3,186,'2019-01-01',100
1,1,1,7,2,3,187,'2019-01-01',200
1,1,1,7,2,3,188,'2019-01-01',100
1,1,1,7,2,3,189,'2019-01-01',100
1,1,1,7,2,3,190,'2019-01-01',200
1,1,1,7,2,3,191,'2019-01-01',100
1,1,1,7,2,3,192,'2019-01-01',100
1,1,1,7,2,3,193,'2019-01-01',200
1,1,1,7,2,3,194,'2019-01-01',100
1,1,1,7,2,3,195,'2019-01-01',100
1,1,1,7,2,3,196,'2019-01-01',200
1,1,1,7,2,3,197,'2019-01-01',100
1,1,1,7,2,3,198,'2019-01-01',100
1,1,1,7,2,3,199,'2019-01-01',200
1,1,1,7,2,3,200,'2019-01-01',200
1,1,1,7,2,3,201,'2019-01-01',100
1,1,1,7,2,3,202,'2019-01-01',100
1,1,1,7,2,3,203,'2019-01-01',100
1,1,1,7,2,3,204,'2019-01-01',100
1,1,1,7,2,3,204,'2019-01-01',200
1,1,1,7,2,3,205,'2019-01-01',100
1,1,1,7,2,3,206,'2019-01-01',100
1,1,1,7,2,3,207,'2019-01-01',100
1,1,1,7,2,3,208,'2019-01-01',100
1,1,1,7,2,3,209,'2019-01-01',200
1,1,1,7,2,3,210,'2019-01-01',100
1,1,1,7,2,3,211,'2019-01-01',100
1,1,1,7,2,3,212,'2019-01-01',200
1,1,1,7,2,3,213,'2019-01-01',100
1,1,1,7,2,3,214,'2019-01-01',100
1,1,1,7,2,3,215,'2019-01-01',200
1,1,1,7,2,3,216,'2019-01-01',100
1,1,1,7,2,3,217,'2019-01-01',100
1,1,1,7,2,3,218,'2019-01-01',200
1,1,1,7,2,3,219,'2019-01-01',100
1,1,1,7,2,3,220,'2019-01-01',100
1,1,1,7,2,3,221,'2019-01-01',200
1,1,1,7,2,3,222,'2019-01-01',100
1,1,1,7,2,3,223,'2019-01-01',100
1,1,1,7,2,3,224,'2019-01-01',200
1,1,1,7,2,3,225,'2019-01-01',100
1,1,1,7,2,3,226,'2019-01-01',100
1,1,1,7,2,3,227,'2019-01-01',100
1,1,1,7,2,3,228,'2019-01-01',100
1,1,1,7,2,3,229,'2019-01-01',200
1,1,1,7,2,3,230,'2019-01-01',100
1,1,1,7,2,3,231,'2019-01-01',100
1,1,1,7,2,3,232,'2019-01-01',100
1,1,1,7,2,3,233,'2019-01-01',100
1,1,1,7,2,3,234,'2019-01-01',200
1,1,1,7,2,3,235,'2019-01-01',100
1,1,1,7,2,3,236,'2019-01-01',100
1,1,1,7,2,3,237,'2019-01-01',200
1,1,1,7,2,3,238,'2019-01-01',100
1,1,1,7,2,3,239,'2019-01-01',100
1,1,1,7,2,3,240,'2019-01-01',200
1,1,1,7,2,3,241,'2019-01-01',100
1,1,1,7,2,3,242,'2019-01-01',100
1,1,1,7,2,3,243,'2019-01-01',200
1,1,1,7,2,3,244,'2019-01-01',100
1,1,1,7,2,3,245,'2019-01-01',100
1,1,1,7,2,3,246,'2019-01-01',200
1,1,1,7,2,3,247,'2019-01-01',100
1,1,1,7,2,3,248,'2019-01-01',100
1,1,1,7,2,3,249,'2019-01-01',200
1,1,1,7,2,3,250,'2019-01-01',100
1,1,1,7,2,3,251,'2019-01-01',100
1,1,1,7,2,3,252,'2019-01-01',100
1,1,1,7,2,3,253,'2019-01-01',100
1,1,1,7,2,3,254,'2019-01-01',200
1,1,1,7,2,3,255,'2019-01-01',100
1,1,1,7,2,3,256,'2019-01-01',100
1,1,1,7,2,3,257,'2019-01-01',100
1,1,1,7,2,3,258,'2019-01-01',100
1,1,1,7,2,3,259,'2019-01-01',200
1,1,1,7,2,3,260,'2019-01-01',100
1,1,1,7,2,3,261,'2019-01-01',100
1,1,1,7,2,3,262,'2019-01-01',200
1,1,1,7,2,3,263,'2019-01-01',100
1,1,1,7,2,3,264,'2019-01-01',100
1,1,1,7,2,3,265,'2019-01-01',200
1,1,1,7,2,3,266,'2019-01-01',100
1,1,1,7,2,3,267,'2019-01-01',100
1,1,1,7,2,3,268,'2019-01-01',200
1,1,1,7,2,3,269,'2019-01-01',100
1,1,1,7,2,3,270,'2019-01-01',100
1,1,1,7,2,3,271,'2019-01-01',200
1,1,1,7,2,3,272,'2019-01-01',100
1,1,1,7,2,3,273,'2019-01-01',100
1,1,1,7,2,3,274,'2019-01-01',200
1,1,1,7,2,3,275,'2019-01-01',100
1,1,1,7,2,3,276,'2019-01-01',100
1,1,1,7,2,3,277,'2019-01-01',100
1,1,1,7,2,3,278,'2019-01-01',100
1,1,1,7,2,3,279,'2019-01-01',200
1,1,1,7,2,3,280,'2019-01-01',100
1,1,1,7,2,3,281,'2019-01-01',100
1,1,1,7,2,3,282,'2019-01-01',100
1,1,1,7,2,3,283,'2019-01-01',100
1,1,1,7,2,3,284,'2019-01-01',200
1,1,1,7,2,3,285,'2019-01-01',100
1,1,1,7,2,3,286,'2019-01-01',100
1,1,1,7,2,3,287,'2019-01-01',200
1,1,1,7,2,3,288,'2019-01-01',100
1,1,1,7,2,3,289,'2019-01-01',100
1,1,1,7,2,3,290,'2019-01-01',200
1,1,1,7,2,3,291,'2019-01-01',100
1,1,1,7,2,3,292,'2019-01-01',100
1,1,1,7,2,3,293,'2019-01-01',200
1,1,1,7,2,3,294,'2019-01-01',100
1,1,1,7,2,3,295,'2019-01-01',100
1,1,1,7,2,3,296,'2019-01-01',200
1,1,1,7,2,3,297,'2019-01-01',100
1,1,1,7,2,3,298,'2019-01-01',100
1,1,1,7,2,3,299,'2019-01-01',200
1,1,1,7,2,3,300,'2019-01-01',200
1,1,1,7,2,3,301,'2019-01-01',100
1,1,1,7,2,3,302,'2019-01-01',100
1,1,1,7,2,3,303,'2019-01-01',100
1,1,1,7,2,3,304,'2019-01-01',100
1,1,1,7,2,3,304,'2019-01-01',200
1,1,1,7,2,3,305,'2019-01-01',100
1,1,1,7,2,3,306,'2019-01-01',100
1,1,1,7,2,3,307,'2019-01-01',100
1,1,1,7,2,3,308,'2019-01-01',100
1,1,1,7,2,3,309,'2019-01-01',200
1,1,1,7,2,3,310,'2019-01-01',100
1,1,1,7,2,3,311,'2019-01-01',100
1,1,1,7,2,3,312,'2019-01-01',200
1,1,1,7,2,3,313,'2019-01-01',100
1,1,1,7,2,3,314,'2019-01-01',100
1,1,1,7,2,3,315,'2019-01-01',200
1,1,1,7,2,3,316,'2019-01-01',100
1,1,1,7,2,3,317,'2019-01-01',100
1,1,1,7,2,3,318,'2019-01-01',200
1,1,1,7,2,3,319,'2019-01-01',100
1,1,1,7,2,3,320,'2019-01-01',100
1,1,1,7,2,3,321,'2019-01-01',200
1,1,1,7,2,3,322,'2019-01-01',100
1,1,1,7,2,3,323,'2019-01-01',100
1,1,1,7,2,3,324,'2019-01-01',200
1,1,1,7,2,3,325,'2019-01-01',100
1,1,1,7,2,3,326,'2019-01-01',100
1,1,1,7,2,3,327,'2019-01-01',100
1,1,1,7,2,3,328,'2019-01-01',100
1,1,1,7,2,3,329,'2019-01-01',200
1,1,1,7,2,3,330,'2019-01-01',100
1,1,1,7,2,3,331,'2019-01-01',100
1,1,1,7,2,3,332,'2019-01-01',100
1,1,1,7,2,3,333,'2019-01-01',100
1,1,1,7,2,3,334,'2019-01-01',200
1,1,1,7,2,3,335,'2019-01-01',100
1,1,1,7,2,3,336,'2019-01-01',100
1,1,1,7,2,3,337,'2019-01-01',200
1,1,1,7,2,3,338,'2019-01-01',100
1,1,1,7,2,3,339,'2019-01-01',100
1,1,1,7,2,3,340,'2019-01-01',200
1,1,1,7,2,3,341,'2019-01-01',100
1,1,1,7,2,3,342,'2019-01-01',100
1,1,1,7,2,3,343,'2019-01-01',200
1,1,1,7,2,3,344,'2019-01-01',100
1,1,1,7,2,3,345,'2019-01-01',100
1,1,1,7,2,3,346,'2019-01-01',200
1,1,1,7,2,3,347,'2019-01-01',100
1,1,1,7,2,3,348,'2019-01-01',100
1,1,1,7,2,3,349,'2019-01-01',200
1,1,1,7,2,3,350,'2019-01-01',100
1,1,1,7,2,3,351,'2019-01-01',100
1,1,1,7,2,3,352,'2019-01-01',100
1,1,1,7,2,3,353,'2019-01-01',100
1,1,1,7,2,3,354,'2019-01-01',200
1,1,1,7,2,3,355,'2019-01-01',100
1,1,1,7,2,3,356,'2019-01-01',100
1,1,1,7,2,3,357,'2019-01-01',100
1,1,1,7,2,3,358,'2019-01-01',100
1,1,1,7,2,3,359,'2019-01-01',200
1,1,1,7,2,3,360,'2019-01-01',100
1,1,1,7,2,3,361,'2019-01-01',100
1,1,1,7,2,3,362,'2019-01-01',200
1,1,1,7,2,3,363,'2019-01-01',100
1,1,1,7,2,3,364,'2019-01-01',100
1,1,1,7,2,3,365,'2019-01-01',200
1,1,1,7,2,3,366,'2019-01-01',100
1,1,1,7,2,3,367,'2019-01-01',100
1,1,1,7,2,3,368,'2019-01-01',200
1,1,1,7,2,3,369,'2019-01-01',100
1,1,1,7,2,3,370,'2019-01-01',100
1,1,1,7,2,3,371,'2019-01-01',200
1,1,1,7,2,3,372,'2019-01-01',100
1,1,1,7,2,3,373,'2019-01-01',100
1,1,1,7,2,3,374,'2019-01-01',200
1,1,1,7,2,3,375,'2019-01-01',100
1,1,1,7,2,3,376,'2019-01-01',100
1,1,1,7,2,3,377,'2019-01-01',100
1,1,1,7,2,3,378,'2019-01-01',100
1,1,1,7,2,3,379,'2019-01-01',200
1,1,1,7,2,3,380,'2019-01-01',100
1,1,1,7,2,3,381,'2019-01-01',100
1,1,1,7,2,3,382,'2019-01-01',100
1,1,1,7,2,3,383,'2019-01-01',100
1,1,1,7,2,3,384,'2019-01-01',200
1,1,1,7,2,3,385,'2019-01-01',100
1,1,1,7,2,3,386,'2019-01-01',100
1,1,1,7,2,3,387,'2019-01-01',200
1,1,1,7,2,3,388,'2019-01-01',100
1,1,1,7,2,3,389,'2019-01-01',100
1,1,1,7,2,3,390,'2019-01-01',200
1,1,1,7,2,3,391,'2019-01-01',100
1,1,1,7,2,3,392,'2019-01-01',100
1,1,1,7,2,3,393,'2019-01-01',200
1,1,1,7,2,3,394,'2019-01-01',100
1,1,1,7,2,3,395,'2019-01-01',100
1,1,1,7,2,3,396,'2019-01-01',200
1,1,1,7,2,3,397,'2019-01-01',100
1,1,1,7,2,3,398,'2019-01-01',100
1,1,1,7,2,3,399,'2019-01-01',200