1,1,1,7,2,2,1,'2019-01-01',100
1,1,1,7,2,2,2,'2019-01-01',100
1,1,1,7,2,2,3,'2019-01-01',100
1,1,1,7,2,2,4,'2019-01-01',100
1,1,1,7,2,2,4,'2019-01-01',200
1,1,1,7,2,2,5,'2019-01-01',100
1,1,1,7,2,2,6,'2019-01-01',100
1,1,1,7,2,2,7,'2019-01-01',100
1,1,1,7,2,2,8,'2019-01-01',100
1,1,1,7,2,2,9,'2019-01-01',200
1,1,1,7,2,2,10,'2019-01-01',100
1,1,1,7,2,2,11,'2019-01-01',100
1,1,1,7,2,2,12,'2019-01-01',200
1,1,1,7,2,2,13,'2019-01-01',100
1,1,1,7,2,2,14,'2019-01-01',100
1,1,1,7,2,2,15,'2019-01-01',200
1,1,1,7,2,2,16,'2019-01-01',100
1,1,1,7,2,2,17,'2019-01-01',100
1,1,1,7,2,2,18,'2019-01-01',200
1,1,1,7,2,2,19,'2019-01-01',100
1,1,1,7,2,2,20,'2019-01-01',100
1,1,1,7,2,2,21,'2019-01-01',200
1,1,1,7,2,2,22,'2019-01-01',100
1,1,1,7,2,2,23,'2019-01-01',100
1,1,1,7,2,2,24,'2019-01-01',200